Size,Time
1,0.493
2,0.406
3,0.408
4,0.402
5,0.415
6,0.407
7,0.410
8,0.408
9,0.408
10,0.405
11,0.408
12,0.417
13,0.415
14,0.420
15,0.398
16,0.422
17,0.411
18,0.412
19,0.425
20,0.417
21,0.419
22,0.426
23,0.429
24,0.435
25,0.433
26,0.425
27,0.437
28,0.422
29,0.432
30,0.438
31,0.445
32,0.437
33,0.443
34,0.436
35,0.439
36,0.457
37,0.442
38,0.444
39,0.432
40,0.454
41,0.451
42,0.453
43,0.452
44,0.453
45,0.438
46,0.455
47,0.459
48,0.462
49,0.464
50,0.457
51,0.466
52,0.470
53,0.455
54,0.468
55,0.461
56,0.466
57,0.470
58,0.481
59,0.460
60,0.489
61,0.466
62,0.477
63,0.476
64,0.479
65,0.467
66,0.482
67,0.540
68,0.473
69,0.476
70,0.479
71,0.479
72,0.481
73,0.488
74,0.495
75,0.488
76,0.498
77,0.488
78,0.495
79,0.486
80,0.512
81,0.497
82,0.494
83,0.497
84,0.503
85,0.481
86,0.501
87,0.493
88,0.515
89,0.498
90,0.504
91,0.496
92,0.485
93,0.516
94,0.512
95,0.508
96,0.508
97,0.497
98,0.506
99,0.508
100,0.507
101,0.521
102,0.523
103,0.517
104,0.515
105,0.524
106,0.528
107,0.528
108,0.531
109,0.528
110,0.525
111,0.517
112,0.525
113,0.527
114,0.521
115,0.535
116,0.521
117,0.520
118,0.551
119,0.537
120,0.538
121,0.542
122,0.584
123,0.551
124,0.519
125,0.538
126,0.530
127,0.540
128,0.549
129,0.557
130,0.533
131,0.558
132,0.557
133,0.556
134,0.553
135,0.542
136,0.559
137,0.560
138,0.545
139,0.567
140,0.576
141,0.546
142,0.554
143,0.561
144,0.570
145,0.549
146,0.554
147,0.579
148,0.565
149,0.573
150,0.582
151,0.558
152,0.576
153,0.579
154,0.562
155,0.585
156,0.594
157,0.578
158,0.579
159,0.587
160,0.578
161,0.581
162,0.582
163,0.581
164,0.593
165,0.584
166,0.637
167,0.570
168,0.595
169,0.612
170,0.601
171,0.598
172,0.591
173,0.586
174,0.601
175,0.609
176,0.595
177,0.609
178,0.600
179,0.606
180,0.599
181,0.582
182,0.601
183,0.597
184,0.599
185,0.600
186,0.601
187,0.604
188,0.613
189,0.607
190,0.611
191,0.611
192,0.620
193,0.625
194,0.621
195,0.629
196,0.628
197,0.609
198,0.630
199,0.640
200,0.620
201,0.621
202,0.625
203,0.695
204,0.617
205,0.626
206,0.629
207,0.649
208,0.633
209,0.630
210,0.642
211,0.663
212,0.641
213,0.641
214,0.646
215,0.653
216,0.642
217,0.635
218,0.645
219,0.650
220,0.618
221,0.651
222,0.658
223,0.680
224,0.649
225,0.660
226,0.639
227,0.651
228,0.668
229,0.660
230,0.653
231,0.654
232,0.660
233,0.650
234,0.663
235,0.680
236,0.715
237,0.659
238,0.662
239,0.672
240,0.677
241,0.669
242,0.692
243,0.685
244,0.672
245,0.685
246,0.669
247,0.676
248,0.674
249,0.669
250,0.692
251,0.687
252,0.701
253,0.695
254,0.693
255,0.693
256,0.670
257,0.678
258,0.706
259,0.676
260,0.690
261,0.694
262,0.684
263,0.704
264,0.689
265,0.702
266,0.763
267,0.697
268,0.705
269,0.704
270,0.722
271,0.707
272,0.711
273,0.696
274,0.723
275,0.719
276,0.707
277,0.710
278,0.719
279,0.718
280,0.714
281,0.719
282,0.709
283,0.718
284,0.717
285,0.710
286,0.703
287,0.737
288,0.727
289,0.738
290,0.728
291,0.717
292,0.752
293,0.723
294,0.771
295,0.737
296,0.738
297,0.740
298,0.730
299,0.739
300,0.746
301,0.743
302,0.747
303,0.738
304,0.740
305,0.759
306,0.740
307,0.739
308,0.747
309,0.734
310,0.748
311,0.764
312,0.743
313,0.753
314,0.753
315,0.750
316,0.762
317,0.750
318,0.781
319,0.773
320,0.826
321,0.772
322,0.769
323,0.766
324,0.779
325,0.767
326,0.757
327,0.772
328,0.772
329,0.786
330,0.777
331,0.757
332,0.762
333,0.785
334,0.784
335,0.778
336,0.785
337,0.767
338,0.782
339,0.765
340,0.782
341,0.788
342,0.781
343,0.802
344,0.860
345,0.786
346,0.799
347,0.781
348,0.800
349,0.786
350,0.799
351,0.805
352,0.814
353,0.794
354,0.810
355,0.795
356,0.821
357,0.806
358,0.789
359,0.804
360,0.809
361,0.787
362,0.806
363,0.830
364,0.805
365,0.820
366,0.824
367,0.870
368,0.804
369,0.839
370,0.823
371,0.814
372,0.827
373,0.828
374,0.815
375,0.818
376,0.840
377,0.819
378,0.815
379,0.823
380,0.847
381,0.833
382,0.839
383,0.845
384,0.835
385,0.847
386,0.835
387,0.843
388,0.832
389,0.930
390,0.833
391,0.835
392,0.832
393,0.867
394,0.832
395,0.846
396,0.837
397,0.857
398,0.850
399,0.841
400,0.855
401,0.842
402,0.848
403,0.872
404,0.849
405,0.859
406,0.887
407,0.873
408,0.873
409,0.827
410,0.922
411,0.857
412,0.870
413,0.851
414,0.869
415,0.868
416,0.894
417,0.862
418,0.870
419,0.882
420,0.877
421,0.879
422,0.879
423,0.920
424,0.866
425,0.894
426,0.874
427,0.884
428,0.889
429,0.896
430,0.956
431,0.887
432,0.889
433,0.868
434,0.907
435,0.903
436,0.883
437,0.901
438,0.883
439,0.891
440,0.880
441,0.908
442,0.869
443,0.908
444,0.898
445,0.878
446,0.901
447,0.887
448,0.918
449,0.917
450,0.986
451,0.899
452,0.888
453,0.897
454,0.903
455,0.920
456,0.925
457,0.922
458,0.931
459,0.908
460,0.916
461,0.909
462,0.913
463,0.924
464,0.912
465,0.913
466,0.897
467,0.939
468,0.926
469,0.986
470,0.919
471,0.944
472,0.934
473,0.945
474,0.912
475,0.947
476,0.927
477,0.956
478,0.939
479,0.932
480,0.937
481,0.958
482,0.947
483,0.945
484,0.940
485,0.972
486,0.946
487,1.015
488,0.948
489,0.958
490,0.956
491,0.972
492,0.942
493,0.935
494,0.960
495,0.941
496,0.955
497,0.965
498,0.975
499,0.976
500,0.972
501,0.971
502,0.966
503,0.974
504,0.950
505,1.036
506,0.983
507,0.995
508,0.967
509,0.960
510,0.987
511,0.991
512,0.971
513,0.975
514,0.982
515,0.998
516,0.988
517,0.994
518,0.973
519,0.990
520,0.987
521,0.999
522,1.044
523,0.981
524,1.000
525,1.009
526,1.010
527,0.989
528,1.001
529,0.986
530,0.992
531,0.983
532,0.996
533,1.004
534,1.011
535,1.014
536,1.009
537,1.014
538,0.995
539,1.029
540,1.003
541,1.012
542,1.021
543,1.017
544,0.996
545,0.993
546,1.035
547,1.034
548,1.029
549,1.040
550,1.013
551,1.062
552,1.023
553,1.025
554,1.015
555,1.077
556,1.036
557,1.043
558,1.043
559,1.033
560,1.019
561,1.023
562,1.044
563,1.056
564,1.022
565,1.039
566,1.021
567,1.024
568,1.040
569,1.029
570,1.051
571,1.088
572,1.049
573,1.045
574,1.065
575,1.043
576,1.044
577,1.032
578,1.060
579,1.044
580,1.067
581,1.054
582,1.050
583,1.039
584,1.076
585,1.049
586,1.138
587,1.064
588,1.070
589,1.080
590,1.075
591,1.065
592,1.051
593,1.065
594,1.078
595,1.067
596,1.069
597,1.059
598,1.069
599,1.075
600,1.073
601,1.166
602,1.070
603,1.080
604,1.065
605,1.096
606,1.081
607,1.081
608,1.096
609,1.096
610,1.104
611,1.103
612,1.081
613,1.091
614,1.114
615,1.089
616,1.154
617,1.120
618,1.125
619,1.108
620,1.102
621,1.099
622,1.099
623,1.116
624,1.120
625,1.115
626,1.107
627,1.085
628,1.105
629,1.106
630,1.147
631,1.125
632,1.110
633,1.184
634,1.121
635,1.098
636,1.135
637,1.120
638,1.118
639,1.106
640,1.143
641,1.124
642,1.115
643,1.140
644,1.174
645,1.107
646,1.117
647,1.150
648,1.113
649,1.145
650,1.129
651,1.133
652,1.104
653,1.161
654,1.139
655,1.134
656,1.120
657,1.156
658,1.191
659,1.129
660,1.113
661,1.168
662,1.148
663,1.141
664,1.152
665,1.138
666,1.130
667,1.167
668,1.173
669,1.136
670,1.166
671,1.139
672,1.190
673,1.151
674,1.136
675,1.183
676,1.171
677,1.167
678,1.183
679,1.163
680,1.174
681,1.145
682,1.172
683,1.135
684,1.165
685,1.207
686,1.251
687,1.178
688,1.169
689,1.184
690,1.184
691,1.195
692,1.176
693,1.168
694,1.172
695,1.174
696,1.189
697,1.191
698,1.193
699,1.245
700,1.200
701,1.183
702,1.200
703,1.191
704,1.213
705,1.182
706,1.173
707,1.207
708,1.197
709,1.204
710,1.210
711,1.205
712,1.230
713,1.210
714,1.206
715,1.205
716,1.203
717,1.224
718,1.199
719,1.183
720,1.210
721,1.227
722,1.218
723,1.211
724,1.197
725,1.280
726,1.199
727,1.226
728,1.239
729,1.209
730,1.234
731,1.223
732,1.225
733,1.221
734,1.223
735,1.227
736,1.216
737,1.235
738,1.299
739,1.227
740,1.280
741,1.224
742,1.227
743,1.230
744,1.236
745,1.244
746,1.256
747,1.237
748,1.227
749,1.243
750,1.252
751,1.245
752,1.311
753,1.248
754,1.275
755,1.272
756,1.275
757,1.276
758,1.250
759,1.253
760,1.258
761,1.256
762,1.275
763,1.306
764,1.259
765,1.282
766,1.250
767,1.243
768,1.266
769,1.270
770,1.270
771,1.271
772,1.274
773,1.259
774,1.302
775,1.343
776,1.263
777,1.263
778,1.237
779,1.274
780,1.285
781,1.293
782,1.282
783,1.298
784,1.262
785,1.251
786,1.276
787,1.305
788,1.278
789,1.308
790,1.278
791,1.300
792,1.301
793,1.295
794,1.318
795,1.306
796,1.280
797,1.282
798,1.304
799,1.417
800,1.296
801,1.338
802,1.303
803,1.311
804,1.271
805,1.296
806,1.345
807,1.306
808,1.303
809,1.334
810,1.337
811,1.399
812,1.301
813,1.339
814,1.306
815,1.323
816,1.344
817,1.329
818,1.314
819,1.338
820,1.316
821,1.367
822,1.374
823,1.344
824,1.329
825,1.337
826,1.321
827,1.399
828,1.328
829,1.324
830,1.325
831,1.348
832,1.336
833,1.388
834,1.319
835,1.327
836,1.353
837,1.357
838,1.329
839,1.337
840,1.348
841,1.347
842,1.346
843,1.364
844,1.423
845,1.346
846,1.360
847,1.362
848,1.368
849,1.368
850,1.356
851,1.332
852,1.357
853,1.365
854,1.362
855,1.351
856,1.394
857,1.334
858,1.348
859,1.399
860,1.395
861,1.425
862,1.386
863,1.363
864,1.412
865,1.368
866,1.381
867,1.420
868,1.372
869,1.364
870,1.395
871,1.382
872,1.377
873,1.357
874,1.381
875,1.386
876,1.381
877,1.370
878,1.522
879,1.411
880,1.397
881,1.389
882,1.433
883,1.422
884,1.400
885,1.380
886,1.406
887,1.398
888,1.414
889,1.436
890,1.474
891,1.414
892,1.371
893,1.441
894,1.450
895,1.384
896,1.438
897,1.401
898,1.400
899,1.416
900,1.401
901,1.521
902,1.413
903,1.412
904,1.409
905,1.403
906,1.422
907,1.428
908,1.424
909,1.418
910,1.412
911,1.415
912,1.504
913,1.445
914,1.453
915,1.408
916,1.416
917,1.416
918,1.420
919,1.424
920,1.415
921,1.415
922,1.434
923,1.495
924,1.434
925,1.449
926,1.455
927,1.462
928,1.448
929,1.443
930,1.428
931,1.451
932,1.451
933,1.469
934,1.543
935,1.443
936,1.461
937,1.475
938,1.462
939,1.550
940,1.427
941,1.511
942,1.464
943,1.444
944,1.455
945,1.533
946,1.486
947,1.471
948,1.456
949,1.468
950,1.471
951,1.452
952,1.476
953,1.460
954,1.444
955,1.511
956,1.455
957,1.454
958,1.466
959,1.464
960,1.476
961,1.473
962,1.482
963,1.470
964,1.485
965,1.579
966,1.503
967,1.495
968,1.487
969,1.470
970,1.495
971,1.477
972,1.477
973,1.491
974,1.507
975,1.569
976,1.507
977,1.512
978,1.501
979,1.509
980,1.505
981,1.483
982,1.528
983,1.509
984,1.517
985,1.540
986,1.515
987,1.507
988,1.515
989,1.518
990,1.528
991,1.505
992,1.506
993,1.502
994,1.509
995,1.585
996,1.527
997,1.525
998,1.534
999,1.532
1000,1.519
